0 506.46 902.32
1 499.50 895.80
2 503.04 879.54
3 506.58 866.27
4 506.18 865.52
5 506.94 864.87
6 506.46 868.52
7 504.63 869.57
8 502.12 864.41
9 501.05 856.38
10 496.09 847.44
11 494.18 834.81
12 493.34 826.10
13 491.62 817.07
14 483.15 807.67
15 476.38 793.49
16 473.01 783.68
17 467.42 774.43
18 460.53 767.14
19 455.77 757.44
20 451.16 749.74
21 450.94 747.54
22 449.96 741.24
23 450.84 739.55
24 451.98 737.46
25 452.39 732.04
26 454.49 731.65
27 456.19 726.83
28 456.12 722.25
29 455.00 718.74
30 454.06 718.15
31 453.09 712.25
32 451.95 712.45
33 451.84 709.59
34 451.55 710.77
35 450.99 709.73
36 450.28 711.14
37 450.03 709.38
38 449.94 707.83
39 449.42 706.62
40 449.48 705.27
41 449.53 704.90
42 449.46 705.23
43 449.22 705.35
44 448.93 705.52
45 448.88 706.09
46 448.82 706.37
47 448.69 710.55
48 450.44 712.43
49 453.95 715.49
50 456.98 716.08
51 461.64 712.52
52 461.62 712.57
53 461.04 715.39
54 463.69 715.11
55 463.39 715.89
56 466.94 718.68
57 471.82 717.89
58 480.51 714.30
59 487.04 709.31
60 493.50 705.02
61 497.26 701.04
62 499.12 691.13
63 500.49 692.01
64 500.46 691.97
65 500.61 690.41
66 500.89 689.53
67 501.20 689.03
68 500.37 688.99
69 500.94 687.99
70 500.96 688.07
71 500.57 688.26
72 500.10 689.33
73 500.12 689.47
74 500.03 689.22
75 500.07 689.43
76 499.16 689.78
77 499.19 692.06
78 500.66 690.34
79 500.96 688.81
80 501.32 689.24
81 503.77 688.39
82 505.75 687.45
83 509.30 686.20
84 515.25 686.86
85 522.57 685.32
86 535.23 687.50
87 545.39 688.65
88 554.59 687.57
89 567.76 690.05
90 574.03 691.32
91 589.37 687.08
92 602.41 683.84
93 614.88 676.33
94 629.60 673.96
95 649.09 667.36
96 658.92 661.73
97 666.35 658.50
98 673.94 661.22
99 675.05 662.65
100 674.13 663.76
101 678.82 662.10
102 691.72 662.23
103 695.27 662.45
104 702.10 661.55
105 704.99 662.83
106 705.27 663.95
107 704.73 665.99
108 703.13 665.52
109 703.64 664.78
110 702.12 665.19
111 701.93 665.36
112 702.90 665.27
113 702.69 665.41
114 702.52 665.37
115 701.30 665.93
116 701.32 665.97
117 701.04 665.88
118 701.63 665.94
119 701.23 665.82
120 702.01 665.77
121 701.58 665.92
122 701.52 666.13
123 701.57 666.12
124 701.85 665.91
125 701.16 665.59
126 702.24 667.46
127 704.35 666.89
128 703.27 664.08
129 704.02 657.62
130 703.27 648.39
131 705.22 642.04
132 705.51 639.90
133 705.70 637.32
134 706.72 633.05
135 712.25 627.52
136 717.79 620.49
137 723.41 612.58
138 731.77 608.55
139 735.74 600.30
140 746.88 590.34
141 750.28 580.37
142 755.94 571.19
143 762.12 563.78
144 771.25 553.10
145 777.62 531.67
146 782.52 519.59
147 787.74 507.93
148 787.38 499.54
149 789.84 487.81
150 784.16 480.21
151 788.33 470.08
152 790.69 461.34
153 792.58 451.66
154 794.17 442.22
155 792.38 440.31
156 792.34 431.49
157 791.00 425.96
158 790.42 411.33
159 790.24 405.84
160 790.99 400.58
161 791.92 393.77
162 790.79 385.19
163 792.50 370.02
164 788.64 372.19
165 787.42 371.71
166 780.98 408.93
167 786.28 314.32
168 787.09 366.80
169 785.72 310.85
170 786.85 367.87
171 786.54 366.65
172 786.95 369.06
173 787.24 376.95
174 788.43 379.84
175 792.30 370.90
176 792.98 380.38
177 795.21 381.72
178 797.02 382.78
179 799.13 384.78
180 805.98 382.58
181 811.32 378.73
182 815.64 372.95
183 821.73 366.61
184 825.24 360.70
185 827.55 353.88
186 829.06 342.51
187 831.88 336.65
188 832.59 330.54
189 835.87 323.41
190 837.81 321.60
191 838.28 318.45
192 837.70 317.09
193 835.00 311.78
194 834.17 309.61
195 833.73 310.45
196 831.94 314.69
197 831.89 317.21
198 830.23 311.97
199 829.93 304.48
200 831.17 300.35
201 833.13 298.07
202 834.55 295.07
203 836.32 295.45
204 839.26 291.81
205 841.15 289.28
206 841.62 292.06
207 842.79 294.07
208 845.10 292.24
209 845.20 289.67
210 845.62 288.21
211 846.49 286.05
212 847.89 279.65
213 847.53 278.30
214 846.75 275.77
215 845.16 274.42
216 841.52 271.03
217 840.55 279.10
218 839.11 286.30
219 837.39 290.64
220 836.54 294.69
221 836.41 293.76
222 837.18 291.51
223 838.38 287.74
224 841.02 286.94
225 844.21 285.12
226 843.77 285.19
227 840.73 287.52
228 838.38 291.05
229 836.96 292.62
230 834.22 291.90
231 834.01 288.29
232 833.79 287.61
233 834.30 286.86
234 834.83 284.71
235 836.34 281.41
236 837.01 280.37
237 837.07 279.25
238 836.49 283.18
239 834.45 292.59
240 833.96 295.78
241 834.47 299.63
242 834.13 301.35
243 835.51 297.65
244 837.26 293.79
245 838.43 291.83
246 839.05 292.04
247 838.43 295.18
248 836.85 298.14
249 834.44 302.20
250 833.04 304.11
251 833.09 304.14
252 833.56 308.03
253 831.15 316.04
254 829.79 315.81
255 832.06 315.03
256 835.15 315.17
257 833.44 318.28
258 834.53 319.24
259 831.14 322.36
260 830.91 325.28
261 830.89 302.71
262 827.84 322.41
263 825.59 321.24
264 822.49 324.77
265 823.36 335.74
266 826.15 348.06
267 832.18 357.17
268 842.00 371.48
269 849.16 383.34
270 853.03 400.69
271 864.79 410.05
272 890.14 419.25
273 915.70 425.89
274 890.83 427.08
275 919.51 430.69
276 922.29 439.58
277 925.03 441.88
278 929.12 441.85
279 932.51 446.71
280 936.79 449.65
281 939.66 457.49
282 939.54 459.95
283 941.04 462.65
284 941.25 468.81
285 950.85 473.92
286 959.16 484.09
287 965.59 492.62
288 969.56 497.89
289 977.21 504.45
290 985.55 513.39
291 990.51 516.74
292 995.60 520.30
293 995.95 525.53
294 993.25 530.62
295 994.60 534.30
296 997.19 533.91
297 1000.97 534.37
298 1001.56 535.63
299 1003.14 539.44
300 1003.33 541.81
301 1019.54 539.15
302 1023.33 534.79
303 1025.36 530.12
304 1028.98 523.15
305 1032.72 521.61
306 1041.58 524.93
307 1034.48 543.65
308 1030.05 553.26
309 1027.32 561.96
310 1024.58 568.14
311 1025.60 571.41
312 1024.60 580.29
313 1021.45 578.39
314 1021.29 577.91
315 1021.67 580.92
316 1022.27 584.44
317 1028.70 593.42
318 1036.65 606.18
319 1051.80 617.24
320 1055.80 629.91
321 1074.06 635.88
322 1079.62 641.87
323 1083.71 648.99
324 1087.35 660.06
325 1094.60 661.52
326 1102.34 663.14
327 1106.19 665.58
328 1111.69 670.45
329 1116.64 676.32
330 1125.91 677.79
331 1129.91 680.48
332 1181.13 692.87
333 1191.31 700.48
334 1201.03 702.35
335 1221.91 703.69
336 1237.13 706.89
337 1246.24 707.97
338 1276.56 708.96
339 1292.73 708.61
340 1316.02 709.84
341 1331.60 711.23
342 1347.16 713.29
343 1367.30 717.75
344 1384.32 718.70
345 1393.62 723.29
346 1404.41 714.98
347 1411.59 715.35
348 1416.76 717.01
349 1423.93 717.39
350 1428.48 719.85
351 1428.84 720.15
352 1430.93 720.45
353 1433.24 720.61
354 1438.39 718.91
355 1437.28 717.52
356 1438.64 718.41
357 1440.08 718.04
358 1441.84 718.67
359 1447.52 718.59
360 1449.78 718.09
361 1450.29 717.75
362 1450.34 717.14
363 1454.24 716.52
364 1457.41 715.82
365 1460.10 715.16
366 1464.68 715.95
367 1469.48 718.70
368 1472.30 721.62
369 1474.07 726.25
370 1477.41 723.00
371 1479.87 721.48
372 1480.63 721.29
373 1480.22 720.41
374 1478.29 720.31
375 1470.38 724.41
376 1472.11 720.19
377 1478.51 720.13
378 1476.20 721.96
379 1478.08 722.21
380 1476.31 724.25
381 1474.51 726.36
382 1475.14 725.36
383 1476.44 727.14
384 1476.30 726.99
385 1476.77 726.53
386 1476.03 726.57
387 1475.16 726.41
388 1472.24 725.50
389 1471.77 726.01
390 1470.92 726.76
391 1470.63 726.85
392 1470.01 726.31
393 1470.23 726.80
394 1469.99 728.45
395 1468.85 729.94
396 1468.50 731.09
397 1468.31 731.50
398 1468.81 732.00
399 1469.02 732.57
400 1468.55 732.27
401 1465.90 730.77
402 1465.23 730.73
403 1467.09 728.96
404 1468.52 726.42
405 1470.39 725.32
406 1472.25 725.38
407 1474.78 724.06
408 1475.86 722.32
409 1474.85 724.29
410 1475.76 722.52
411 1477.91 722.83
412 1479.13 722.81
413 1478.94 723.78
414 1479.15 723.11
415 1480.25 723.13
416 1480.84 721.77
417 1480.24 719.83
418 1480.55 719.54
419 1483.16 719.00
420 1484.16 715.05
421 1490.54 715.21
422 1487.46 713.08
423 1488.54 713.03
424 1489.23 714.53
425 1492.50 715.94
426 1492.93 717.76
427 1492.63 717.71
428 1491.01 716.72
429 1493.98 718.14
430 1489.58 717.61
431 1490.47 718.00
432 1492.00 719.56
433 1494.51 720.17
434 1492.28 722.28
435 1490.55 722.37
436 1495.82 723.44
437 1494.08 723.97
438 1493.16 723.05
439 1493.64 717.09
440 1490.52 712.52
441 1492.09 711.97
442 1499.89 703.76
443 1508.58 687.99
444 1521.23 676.81
445 1529.53 665.56
446 1535.63 658.61
447 1539.84 654.30
448 1541.50 649.83
449 1541.01 637.63
450 1560.32 625.09
451 1573.31 605.42
452 1582.76 591.81
453 1592.84 567.97
454 1607.04 561.43
455 1606.50 543.27
456 1609.55 518.47
457 1610.47 501.23
458 1613.25 480.33
459 1614.03 465.31
460 1615.63 452.47
461 1619.47 440.82
462 1621.68 432.21
463 1619.35 419.82
464 1615.59 416.23
465 1617.28 404.79
466 1619.91 397.80
467 1623.33 391.22
468 1633.85 385.89
469 1637.22 370.27
470 1638.39 364.64
471 1643.13 353.36
472 1642.86 349.03
473 1641.42 351.83
474 1643.17 353.92
475 1642.58 356.32
476 1644.89 358.93
477 1648.67 361.27
478 1648.37 362.44
479 1648.57 363.25
480 1650.82 363.06
481 1650.27 364.41
482 1650.54 365.23
483 1651.54 366.00
484 1651.87 366.20
485 1654.12 367.17
486 1657.80 365.05
487 1659.44 362.35
488 1622.82 362.11
489 1664.07 361.25
490 1666.37 362.36
491 1668.20 329.39
492 1670.16 352.14
493 1624.50 353.80
494 1672.81 345.88
495 1676.03 343.76
496 1675.49 338.31
497 1680.85 335.60
498 1683.44 326.96
499 1686.25 317.18
500 1690.13 306.86
501 1692.63 298.07
502 1696.32 295.39
503 1700.22 294.98
504 1704.68 288.46
505 1709.46 283.65
506 1715.86 282.76
507 1716.06 285.42
508 1719.94 282.52
509 1723.34 279.91
510 1721.87 279.09
511 1722.95 279.24
512 1724.20 279.54
513 1725.05 284.24
514 1725.35 287.40
515 1723.64 285.95
516 1723.72 281.53
517 1726.50 281.22
518 1726.10 277.82
519 1726.43 277.25
520 1726.72 276.98
521 1728.02 275.33
522 1728.10 275.35
523 1727.42 276.06
524 1727.37 275.82
525 1725.72 275.75
526 1725.64 276.62
527 1725.36 278.67
528 1724.16 280.12
529 1723.38 278.96
530 1722.89 278.31
531 1722.00 282.19
532 1722.47 280.65
533 1722.84 279.59
534 1722.82 279.36
535 1722.14 281.37
536 1721.85 281.42
537 1722.00 283.07
538 1723.09 285.24
539 1723.76 284.86
540 1726.87 286.47
541 1727.48 280.40
542 1730.38 277.28
543 1732.11 273.01
544 1735.52 269.34
545 1740.57 264.57
546 1742.54 264.09
547 1743.09 260.83
548 1745.27 259.33
549 1746.12 257.64
550 1747.31 259.62
551 1747.58 259.16
552 1749.47 258.26
553 1747.86 257.08
554 1748.10 257.37
555 1746.27 259.20
556 1742.40 261.53
557 1744.21 267.49
558 1743.60 271.04
559 1742.85 276.03
560 1743.24 276.86
561 1745.28 276.49
562 1745.82 276.20
563 1747.62 275.87
564 1753.35 272.98
565 1753.65 272.68
566 1755.39 269.74
567 1754.95 271.19
568 1756.82 268.90
569 1759.37 267.96
570 1759.63 267.00
571 1759.87 267.58
572 1759.57 270.10
573 1762.53 270.11
574 1764.18 269.59
575 1765.59 270.77
576 1766.46 270.63
577 1767.82 269.74
578 1765.54 270.07
579 1766.52 269.47
580 1766.82 268.95
581 1765.24 269.74
582 1763.84 269.86
583 1761.43 270.62
584 1760.02 271.39
585 1757.93 270.84
586 1755.10 274.43
587 1751.36 276.38
588 1751.75 276.89
589 1751.08 276.61
590 1749.83 274.21
591 1749.86 274.10
592 1749.38 273.17
593 1749.13 272.14
594 1749.20 272.03
595 1749.28 272.87
596 1749.26 272.78
597 1749.21 273.41
598 1749.40 273.61
599 1749.31 273.73
600 1748.58 276.93
601 1749.20 279.06
602 1748.89 276.93
603 1747.85 276.49
604 1748.10 276.41
605 1747.66 276.69
606 1746.90 277.39
607 1747.02 279.45
608 1745.52 281.11
609 1747.73 281.60
610 1747.76 279.46
611 1747.21 279.26
612 1748.70 278.73
613 1751.54 277.15
614 1756.19 275.07
615 1756.74 275.37
616 1757.04 275.91
617 1758.34 274.06
618 1756.83 271.56
619 1753.34 268.63
620 1753.68 265.05
621 1751.83 262.87
622 1750.95 261.75
623 1754.23 260.86
624 1755.00 261.01
625 1754.51 262.68
626 1753.45 260.95
627 1757.69 265.48
628 1759.52 269.48
629 1760.31 272.55
630 1760.40 272.44
631 1758.13 776.52
632 1761.99 757.14
633 1765.11 741.78
634 1767.32 721.14
635 1767.83 705.36
636 1769.46 687.01
637 1770.74 669.79
638 1769.08 657.90
639 1767.41 643.54
640 1763.82 635.55
641 1762.04 628.28
642 1758.48 624.77
643 1754.30 614.63
644 1750.00 607.41
645 1751.64 601.23
646 1753.59 597.72
647 1754.05 592.03
648 1755.41 586.07
649 1756.59 571.91
650 1757.32 566.61
651 1757.04 566.06
652 1757.30 566.50
653 1757.74 565.62
654 1757.86 565.11
655 1758.32 564.30
656 1758.94 565.34
657 1758.97 564.05
658 1760.85 564.98
659 1762.08 564.55
660 1764.05 559.32
661 1762.17 548.16
662 1763.54 539.76
663 1767.35 534.62
664 1769.03 514.11
665 1772.78 501.43
666 1773.08 478.47
667 1773.96 450.28
668 1777.60 450.01
669 1780.98 443.87
670 1780.98 442.60
671 1777.54 442.35
672 1773.76 441.89
673 1775.50 440.86
674 1777.25 439.66
675 1778.97 439.53
676 1781.01 438.16
677 1782.45 435.27
678 1783.68 432.03
679 1784.40 428.43
680 1784.66 419.54
681 1785.17 408.87
682 1788.27 383.84
683 1789.36 361.78
684 1789.99 341.79
685 1791.10 329.91
686 1793.07 298.61
687 1799.36 278.60
688 1800.61 260.43
689 1802.69 236.37
690 1796.83 221.59
691 1795.91 202.88
692 1792.42 189.39
693 1789.73 177.66
694 1786.08 163.48
695 1785.31 154.61
696 1784.06 149.93
697 1781.89 147.07
698 1781.75 141.22
699 1781.69 141.75
700 1780.51 140.68
701 1781.45 139.55
702 1783.76 135.77
703 1782.63 128.14
704 1785.91 125.28
705 1752.66 124.65
706 1788.68 122.90
707 1748.91 122.31
708 1789.52 124.49
709 1746.97 123.65
710 1788.94 121.33
711 1746.00 120.95
712 1789.77 122.15
713 1743.97 121.84
714 1788.32 119.86
715 1741.86 119.91
716 1787.78 117.96
717 1740.30 118.10
718 1787.54 117.27
719 1739.93 117.52
720 1787.86 117.88
721 1741.08 117.83
722 1787.35 117.71
723 1739.84 117.71
724 1787.87 116.63
725 1741.33 116.73
726 1788.92 121.34
727 1739.63 121.33
728 1789.21 120.49
729 1740.21 120.67
730 1789.66 121.46
731 1739.73 121.30
732 1789.38 122.77
733 1740.22 122.17
734 1789.39 121.69
735 1740.28 121.51
736 1789.17 120.58
737 1740.44 121.19
738 1789.65 121.27
739 1739.73 121.41
740 1789.71 121.07
741 1740.25 121.54
742 1790.07 120.75
743 1742.52 121.25
744 1788.73 113.83
745 1743.96 114.34
746 1785.04 108.74
747 1739.00 109.34
748 1784.16 106.34
749 1739.51 107.15
750 1784.64 105.74
751 1738.96 107.29
752 1783.82 105.82
753 1739.04 106.53
754 1786.82 109.44
755 1741.38 109.76
756 1787.12 116.82
757 1741.28 116.48
758 1788.01 118.93
759 1739.76 118.11
760 1788.63 122.20
761 1739.50 121.75
762 1788.73 127.46
763 1741.01 126.30
764 1788.12 125.14
765 1744.00 124.08
766 1787.66 127.03
767 1746.57 125.74
768 1782.52 128.51
769 1749.73 128.71
770 1778.85 131.90
771 1734.64 124.52
772 1776.60 132.97
773 1734.22 125.52
774 1775.86 134.35
775 1734.46 126.72
776 1774.07 135.04
777 1734.85 127.04
778 1773.45 137.37
779 1734.63 129.77
780 1770.92 135.32
781 1735.00 128.28
782 1764.69 137.32
783 1756.63 138.05
784 1742.85 139.90
785 1735.30 135.90
786 1734.20 125.17
787 1728.22 118.37
788 1723.40 113.29
789 1718.92 114.71
790 1712.45 108.58
791 1711.68 105.76
792 1710.32 102.73
793 1708.05 99.86
794 1702.59 98.31
795 1694.20 86.42
796 1693.73 80.84
797 1694.47 81.24
798 1696.85 83.64
799 1696.31 79.60
800 1695.26 78.13
801 1690.36 78.16
802 1687.31 78.12
803 1685.31 79.04
804 1683.18 79.60
805 1678.66 80.47
806 1675.38 78.94
807 1674.84 79.95
808 1670.97 86.63
809 1666.84 99.07
810 1661.35 102.15
811 1654.77 96.79
812 1649.36 91.53
813 1647.03 84.13
814 1643.74 84.45
815 1636.63 83.93
816 1636.66 84.03
817 1637.73 85.30
818 1636.10 84.98
819 1636.52 85.77
820 1636.83 86.87
821 1636.26 88.43
822 1636.17 89.59
823 1634.45 90.86
824 1633.84 90.09
825 1634.62 89.73
826 1634.17 89.95
827 1629.89 88.44
828 1629.46 89.39
829 1627.06 89.94
830 1627.87 91.16
831 1627.28 92.51
832 1626.25 94.91
833 1626.50 95.38
834 1626.88 95.93
835 1626.52 95.18
836 1625.61 94.76
837 1624.34 94.44
838 1623.79 95.35
839 1619.15 93.44
840 1609.68 93.20
841 1610.91 92.95
842 1611.49 92.60
843 1613.29 89.56
844 1618.33 86.37
845 1620.27 83.31
846 1621.17 83.77
847 1620.35 86.17
848 1618.48 88.24
849 1617.91 92.20
850 1617.59 96.66
851 1617.04 103.55
852 1615.28 106.09
853 1607.15 113.76
854 1595.40 118.87
855 1587.59 128.72
856 1584.76 135.17
857 1578.67 141.34
858 1576.21 143.45
859 1564.00 147.16
860 1562.24 149.83
861 1554.23 144.83
862 1551.11 157.25
863 1551.09 182.57
864 1557.61 184.79
865 1562.61 182.17
866 1567.62 178.93
867 1571.09 176.18
868 1586.04 173.30
869 1636.10 172.48
870 1581.88 169.90
871 1614.17 169.87
872 1573.75 166.69
873 1613.23 166.52
874 1650.68 165.35
875 1570.57 163.82
876 1599.07 163.16
877 1618.35 157.55
878 1575.35 158.06
879 1579.97 143.52
880 1611.54 142.24
881 1589.12 133.99
882 1602.53 124.00
883 1621.34 115.99
884 1612.20 112.53
885 1624.55 108.97
886 1633.65 109.69
887 1638.75 106.43
888 1651.28 107.79
889 1659.41 106.83
890 1666.74 97.16
891 1673.32 86.44
892 1681.85 96.14
893 1691.84 97.88
894 1704.56 100.02
895 1713.35 96.05
896 1719.30 95.09
897 1723.06 95.13
898 1726.88 91.69
899 1728.02 91.75
900 1731.79 91.25
901 1738.71 93.54
902 1743.58 93.43
903 1752.75 89.86
904 1754.67 88.87
905 1757.55 89.86
906 1758.71 91.11
907 1763.22 91.33
908 1768.01 90.38
909 1772.80 83.88
910 1774.78 82.75
911 1776.51 81.68
912 1777.62 80.42
913 1776.53 80.42
914 1776.36 80.10
915 1777.76 80.09
916 1777.10 80.16
917 1776.81 80.77
918 1777.37 81.30
919 1777.07 81.68
920 1780.79 83.47
921 1783.10 84.56
922 1784.41 85.57
923 1783.01 87.68
924 1787.08 89.42
925 1786.54 90.39
926 1788.19 90.15
927 1789.36 89.57
928 1797.26 90.31
929 1800.48 84.65
930 1804.21 82.38
931 1806.85 82.46
932 1804.57 82.31
933 1802.57 82.32
934 1801.71 82.92
935 1797.89 85.69
936 1799.48 87.77
937 1798.12 87.28
938 1796.13 86.28
939 1794.89 86.56
940 1795.47 87.01
941 1795.36 87.21
942 1793.24 86.67
943 1793.99 85.65
944 1795.64 84.98
945 1796.82 85.54
946 1796.25 86.24
947 1797.20 86.37
948 1798.45 85.10
949 1802.91 82.15
950 1808.17 79.07
951 1807.84 79.31
952 1807.73 81.41
953 1809.72 82.43
954 1808.31 82.48
955 1807.91 81.84
956 1808.41 82.22
957 1808.02 82.05
958 1808.72 81.25
959 1809.71 78.64
960 1810.24 77.81
961 1810.03 80.01
962 1809.78 80.89
963 1808.89 81.66
964 1809.43 80.72
965 1809.39 80.29
966 1808.24 81.67
967 1806.03 82.97
968 1802.77 83.80
969 1801.34 81.39
970 1800.41 81.49
971 1799.71 83.87
972 1799.48 86.82
973 1798.19 88.44
974 1797.23 91.25
975 1796.83 97.82
976 1796.24 104.50
977 1792.56 112.39
978 1793.60 120.84
979 1798.10 125.73
980 1811.02 128.03
981 1826.28 132.63
982 1823.39 139.74
983 1828.74 150.43
984 1828.98 158.35
985 1829.70 167.88
986 1839.86 176.17
987 1838.44 190.44
988 1841.08 198.30
989 1838.91 206.40
990 1834.53 215.68
991 1828.28 224.90
992 1823.67 227.77
993 1822.32 234.19
994 1819.67 235.42
995 1817.66 234.27
996 1816.07 237.15
997 1813.77 236.40
998 1812.93 236.70
999 1813.20 237.87
1000 1813.14 238.17
1001 1813.26 237.44
1002 1813.09 237.87
1003 1812.82 238.25
1004 1812.51 240.25
1005 1812.34 239.33
1006 1810.55 241.00
1007 1804.35 243.78
1008 1792.31 249.20
1009 1780.47 256.37
1010 1771.97 263.01
1011 1760.82 274.95
1012 1747.93 281.85
1013 1737.47 285.51
1014 1723.77 300.50
1015 1709.02 313.09
1016 1703.89 331.30
1017 1689.69 328.40
1018 1669.82 328.87
1019 1636.61 330.27
1020 1626.03 328.83
1021 1614.52 328.76
1022 1546.70 327.94
1023 1524.95 315.90
1024 1512.65 303.70
1025 1512.51 290.27
1026 1499.16 278.42
1027 1487.45 267.80
1028 1464.59 246.98
1029 1445.91 225.00
1030 1433.46 209.98
1031 1394.19 190.02
1032 1374.81 175.00
1033 1366.90 158.67
1034 1356.37 142.95
1035 1340.99 124.25
1036 1320.26 119.24
1037 1298.93 105.44
1038 1277.32 96.40
1039 1246.80 94.67
1040 1219.65 100.67
1041 1197.13 111.44
1042 1180.44 118.42
1043 1161.08 129.73
1044 1133.70 140.90
1045 1108.60 154.82
1046 1076.82 166.96
1047 1043.67 177.41
1048 1032.87 187.94
1049 1021.18 207.67
1050 1012.23 214.76
1051 1002.30 220.72
1052 990.53 231.26
1053 979.39 241.12
1054 959.14 250.20
1055 941.38 254.31
1056 929.57 263.46
1057 922.57 270.47
1058 896.02 278.69
1059 891.85 281.49
1060 899.28 283.09
1061 897.71 284.76
1062 901.38 286.75
1063 901.58 284.08
1064 900.52 282.30
1065 901.26 286.17
1066 902.24 286.09
1067 904.44 285.77
1068 906.82 285.83
1069 908.19 286.62
1070 909.47 287.18
1071 909.91 287.36
1072 909.89 287.44
1073 909.33 287.58
1074 909.02 287.57
1075 908.88 287.63
1076 908.75 287.63
1077 908.84 287.59
1078 908.62 287.54
1079 907.71 287.32
1080 906.16 287.06
1081 904.11 286.70
1082 903.37 286.53
1083 903.20 286.14
1084 903.33 285.96
1085 903.22 285.96
1086 903.26 285.99
1087 903.19 285.95
1088 902.56 285.94
1089 901.54 285.57
1090 900.30 285.20
1091 899.45 285.13
1092 899.22 284.91
1093 899.00 284.84
1094 898.48 285.13
1095 898.51 285.25
1096 898.09 285.34
1097 897.67 285.41
1098 897.93 285.25
1099 898.10 285.33
1100 898.31 285.35
1101 898.92 285.40
1102 898.14 285.68
1103 898.72 285.60
1104 899.41 285.46
1105 899.70 285.34
1106 899.73 285.14
1107 899.72 285.20
1108 899.75 285.61
1109 900.06 285.51
1110 900.85 285.39
1111 902.55 285.76
1112 904.13 285.49
1113 904.39 285.21
1114 903.35 285.35
1115 903.45 285.11
1116 906.59 284.26
1117 907.13 284.83
1118 907.46 285.32
1119 907.85 285.56
1120 909.35 286.80
1121 910.66 288.07
1122 911.57 289.43
1123 912.11 289.83
1124 912.96 291.97
1125 914.55 292.06
1126 916.38 294.70
1127 916.33 295.34
1128 916.54 297.24
1129 909.22 299.53
1130 908.87 297.93
1131 908.25 297.19
1132 906.73 297.58
1133 906.26 295.49
1134 906.11 295.35
1135 906.45 295.42
1136 906.71 295.51
1137 905.77 296.13
1138 906.06 294.50
1139 901.18 295.13
1140 900.45 295.27
1141 899.03 293.87
1142 893.88 295.71
1143 890.44 300.01
1144 885.46 299.24
1145 883.26 298.44
1146 881.56 298.02
1147 880.67 296.49
1148 878.19 296.73
1149 876.43 296.13
1150 874.93 294.70
1151 873.05 294.71
1152 871.27 294.36
1153 871.36 294.36
1154 870.85 293.95
1155 873.45 291.33
1156 874.33 283.22
1157 876.50 283.48
1158 880.84 283.07
1159 883.07 282.98
1160 883.78 282.97
1161 883.47 283.05
1162 883.99 283.23
1163 884.26 283.33
1164 885.31 283.37
1165 886.21 283.52
1166 887.86 283.52
1167 886.45 283.62
1168 885.79 283.70
1169 885.31 283.69
1170 885.54 284.18
1171 885.95 284.17
1172 884.94 284.22
1173 884.75 284.36
1174 884.49 284.32
1175 884.30 284.29
1176 883.70 284.22
1177 883.71 284.09
1178 883.91 284.15
1179 884.12 283.83
1180 882.32 283.13
1181 882.13 282.63
1182 880.93 282.20
1183 881.66 280.48
1184 883.40 280.37
1185 884.61 279.03
1186 889.54 277.78
1187 893.16 276.43
1188 896.77 277.05
1189 900.78 278.64
1190 907.81 285.44
1191 922.70 299.58
1192 927.01 300.47
1193 923.82 303.60
1194 923.35 304.11
1195 925.77 303.58
1196 927.13 303.89
1197 926.14 304.72
1198 926.26 304.64
1199 926.76 304.18
1200 928.52 302.76
1201 928.54 301.84
1202 927.50 302.21
1203 920.19 301.22
1204 914.79 298.69
1205 907.05 297.67
1206 906.45 296.63
1207 903.41 297.00
1208 908.13 296.80
1209 907.86 296.07
1210 913.06 293.88
1211 925.16 290.64
1212 936.26 281.16
1213 945.35 276.26
1214 946.72 275.01
1215 942.39 272.68
1216 941.97 272.24
1217 942.01 272.51
1218 941.04 272.21
1219 940.13 270.86
1220 939.83 270.59
1221 939.58 269.82
1222 939.71 268.55
1223 938.67 268.09
1224 937.53 266.32
1225 935.58 266.67
1226 934.39 266.21
1227 932.48 267.19
1228 932.33 265.75
1229 933.60 263.67
1230 934.11 260.67
1231 936.23 257.10
1232 937.81 258.33
1233 938.27 256.84
1234 941.02 254.19
1235 942.55 250.28
1236 952.95 242.78
1237 951.99 233.57
1238 945.21 221.89
1239 935.77 206.47
1240 922.58 196.80
1241 908.21 183.85
1242 893.01 166.12
1243 878.21 153.26
1244 861.91 142.03
1245 844.73 123.52
1246 824.44 113.63
1247 802.37 99.77
1248 784.25 97.91
1249 766.80 101.62
1250 754.98 98.58
1251 748.44 100.39
1252 743.65 104.97
1253 738.25 95.94
1254 747.07 101.05
1255 745.44 105.02
1256 743.70 107.62
1257 740.22 111.94
1258 729.52 122.09
1259 717.66 136.80
1260 707.05 141.96
1261 696.60 148.63
1262 666.63 159.95
1263 662.15 178.96
1264 660.94 196.97
1265 652.42 226.47
1266 648.76 253.86
1267 650.78 275.30
1268 653.57 311.47
1269 656.78 337.85
1270 652.34 363.94
1271 641.36 392.04
1272 639.51 408.69
1273 631.93 433.99
1274 621.32 456.39
1275 609.37 473.48
1276 600.45 485.45
1277 595.22 509.82
1278 590.49 516.22
1279 582.11 520.15
1280 573.66 517.61
1281 567.88 525.90
1282 559.00 553.62
1283 551.88 562.85
1284 542.31 550.67
1285 531.28 538.01
1286 517.23 533.72
1287 482.22 531.93
1288 469.70 526.00
1289 458.17 517.14
1290 437.70 504.57
1291 429.52 500.03
1292 423.14 498.86
1293 416.91 498.52
1294 416.03 497.84
1295 419.94 494.10
1296 423.75 487.68
1297 425.12 482.34
1298 425.07 481.53
1299 421.06 480.49
1300 418.06 475.71
1301 415.26 473.88
1302 415.26 474.92
1303 415.36 474.78
1304 416.28 474.05
1305 416.57 472.13
1306 415.27 477.36
1307 410.53 483.79
1308 411.14 487.13
1309 407.00 486.48
1310 406.33 486.81
1311 404.73 485.53
1312 400.05 485.62
1313 399.86 485.69
1314 399.28 486.18
1315 397.79 486.00
1316 396.39 485.24
1317 395.20 487.02
1318 392.25 489.67
1319 386.35 485.13
1320 379.28 482.13
1321 373.33 481.52
1322 366.23 478.04
1323 362.82 475.23
1324 356.54 476.58
1325 345.80 472.11
1326 339.23 462.17
1327 331.62 459.92
1328 317.90 456.77
1329 315.12 460.73
1330 312.08 464.93
1331 310.32 467.38
1332 309.92 466.29
1333 307.87 465.33
1334 307.77 463.72
1335 302.81 462.23
1336 296.98 459.25
1337 295.76 459.45
1338 294.32 460.41
1339 294.43 460.90
1340 294.55 461.12
1341 294.00 461.29
1342 293.78 461.59
1343 293.45 461.95
1344 294.07 461.74
1345 294.10 461.27
1346 292.97 461.64
1347 295.17 461.45
1348 298.53 460.13
1349 308.48 458.74
1350 314.78 457.86
1351 318.51 456.52
1352 317.64 454.65
1353 317.57 450.40
1354 319.20 442.33
1355 315.93 433.98
1356 309.79 419.81
1357 294.72 407.54
1358 274.69 395.95
1359 261.88 386.99
1360 259.85 371.63
1361 250.46 355.85
1362 246.19 335.66
1363 241.37 327.04
1364 247.46 318.04
1365 246.43 312.90
1366 247.12 311.82
1367 248.71 310.16
1368 248.80 308.03
1369 248.00 307.65
1370 248.28 308.38
1371 246.74 310.45
1372 243.08 314.64
1373 236.99 317.33
1374 232.36 318.35
1375 228.95 318.04
1376 227.23 314.24
1377 226.87 313.12
1378 225.33 313.20
1379 225.13 312.18
1380 225.27 311.70
1381 225.27 311.49
1382 225.13 311.67
1383 224.15 311.49
1384 222.91 308.94
1385 219.70 306.89
1386 197.19 263.42
1387 200.92 303.10
1388 193.96 258.64
1389 197.20 298.25
1390 189.82 249.95
1391 193.28 293.03
1392 188.38 246.80
1393 192.08 290.30
1394 188.48 245.17
1395 192.05 289.20
1396 191.17 245.05
1397 193.71 289.68
1398 192.44 243.58
1399 194.87 289.30
1400 191.27 240.71
1401 194.17 287.98
1402 189.42 239.16
1403 193.40 285.29
1404 189.60 242.99
1405 193.43 286.21
1406 189.86 246.62
1407 194.47 286.62
1408 188.97 247.04
1409 193.44 285.76
1410 188.91 245.41
1411 193.05 285.45
1412 189.52 245.17
1413 193.05 284.24
1414 189.23 246.32
1415 193.37 286.10
1416 189.05 246.38
1417 193.47 284.71
1418 192.32 247.28
1419 202.23 285.92
1420 190.10 247.50
1421 194.79 286.29
1422 188.75 242.81
1423 192.92 287.19
1424 187.70 239.22
1425 191.42 287.71
1426 188.29 239.08
1427 192.13 288.82
1428 190.57 242.36
1429 192.93 291.40
1430 191.98 243.59
1431 193.76 292.68
1432 192.64 245.53
1433 194.05 293.60
1434 193.69 247.53
1435 195.45 295.30
1436 191.69 248.73
1437 193.25 297.16
1438 189.41 250.14
1439 191.47 301.78
1440 187.34 255.08
1441 189.51 304.14
1442 179.73 265.47
1443 183.00 309.29
1444 177.83 278.57
1445 170.91 289.47
1446 156.35 299.87
1447 156.33 309.12
1448 149.04 320.00
1449 139.11 327.37
1450 127.91 338.52
1451 115.43 353.82
1452 112.21 358.08
1453 111.56 369.41
1454 116.38 381.07
1455 112.12 398.87
1456 110.83 425.00
1457 110.09 450.64
1458 113.40 486.20
1459 111.17 516.04
1460 111.42 553.03
1461 135.47 588.22
1462 115.82 583.08
1463 133.15 608.52
1464 139.51 643.81
1465 134.83 669.02
1466 119.53 697.61
1467 118.47 724.29
1468 114.30 751.43
1469 111.82 787.70
1470 115.08 812.92
1471 117.71 844.59
1472 118.27 856.83
1473 117.31 869.55
1474 115.67 889.42
1475 115.60 894.25
1476 117.46 905.47
1477 117.70 913.25
1478 117.48 921.14
1479 118.24 931.55
1480 119.65 933.80
1481 119.59 934.63
1482 116.89 936.03
1483 114.04 936.19
1484 110.80 937.88
1485 109.99 939.05
1486 108.50 940.98
1487 106.98 942.09
1488 104.94 944.09
1489 105.43 947.65
1490 105.85 948.75
1491 103.47 950.26
1492 102.92 950.31
1493 102.23 950.10
1494 101.85 949.87
1495 102.35 949.89
1496 101.93 949.90
1497 101.98 949.84
1498 113.79 945.94
1499 118.89 938.86
1500 117.96 937.33
1501 121.56 936.15
1502 129.25 936.33
1503 137.88 935.18
1504 149.91 936.95
1505 169.05 938.65
1506 182.34 938.79
1507 211.17 1003.10
1508 238.10 1006.99
1509 277.81 1017.63
1510 308.25 1023.21
1511 340.20 1019.94
1512 370.52 1019.46
1513 407.01 1013.51
1514 437.03 1010.19
1515 467.21 1004.96
1516 490.53 1003.26
1517 507.57 1001.24
1518 516.63 998.62
1519 520.19 995.63
1520 523.42 993.86
1521 522.13 992.85
1522 524.01 993.29
1523 525.44 994.58
1524 529.91 994.98
1525 537.19 993.68
1526 538.33 994.09
1527 543.27 998.58
1528 551.25 1002.22
1529 556.99 1003.66
1530 560.52 1004.97
1531 565.03 1005.47
1532 588.90 1006.90
1533 588.57 1008.44
1534 589.03 1009.23
1535 588.54 1010.39
1536 589.14 1011.23
1537 587.56 1012.07
1538 587.77 1011.43
1539 589.25 1011.44
1540 588.68 1011.78
1541 586.29 1010.71
1542 585.50 1010.86
1543 585.30 1010.54
1544 585.57 1011.32
1545 584.81 1012.33
1546 586.51 1014.88
1547 589.52 1015.84
1548 591.75 1016.39
1549 591.68 1015.72
1550 598.16 1015.74
1551 599.04 1015.82
1552 599.57 1015.82
1553 598.03 1015.80
1554 598.03 1015.76
1555 590.28 1014.88
1556 582.71 1012.46
1557 582.46 1009.16
1558 589.03 1005.24
1559 583.72 1006.06
1560 585.68 999.05
1561 582.32 999.50
1562 578.46 984.44
1563 577.33 967.20
1564 582.10 955.12
1565 585.75 943.97
1566 590.60 942.67
1567 599.99 936.75
1568 611.67 931.70
1569 621.23 928.89
1570 637.71 921.76
1571 652.13 917.14
1572 656.88 912.03
1573 667.38 902.07
1574 680.68 902.02
1575 691.26 904.96
1576 702.77 915.48
1577 713.37 924.24
1578 738.59 931.70
1579 758.05 936.46
1580 777.42 939.74
1581 790.31 943.42
1582 817.91 953.47
1583 839.14 960.61
1584 852.30 975.65
1585 870.26 986.70
1586 898.52 998.94
1587 925.75 1005.03
1588 935.85 1001.34
1589 950.03 1002.09
1590 968.19 1000.95
1591 992.40 1001.35
1592 1001.68 996.99
1593 1018.37 994.76
1594 1038.05 994.53
1595 1039.03 993.61
1596 1047.06 993.79
1597 1048.78 992.02
1598 1054.98 989.67
1599 1057.26 989.12
1600 1064.05 990.92
1601 1067.08 992.90
1602 1068.63 996.17
1603 1069.69 996.93
1604 1069.67 998.52
1605 1070.96 999.38
1606 1071.74 1000.51
1607 1072.48 1000.45
1608 1073.91 1002.24
1609 1075.70 1002.72
1610 1077.60 1004.65
1611 1083.67 1004.25
1612 1083.21 1005.23
1613 1086.70 1004.75
1614 1089.31 1005.12
1615 1088.73 1006.14
1616 1090.44 1006.93
1617 1090.01 1007.49
1618 1085.40 1002.69
1619 1076.43 997.07
1620 1071.09 991.58
1621 1069.46 985.84
1622 1069.64 980.04
1623 1071.15 977.23
1624 1069.45 971.15
1625 1067.83 967.59
1626 1066.14 965.12
1627 1064.26 962.86
1628 1061.26 963.06
1629 1061.34 962.88
1630 1066.47 958.90
1631 1084.63 959.41
1632 1077.50 952.37
1633 1057.24 943.56
1634 1044.69 936.41
1635 1036.48 929.12
1636 1018.63 917.44
1637 1003.99 900.53
1638 991.59 874.11
1639 981.30 855.06
1640 971.85 841.67
1641 939.86 827.27
1642 919.02 820.43
1643 903.83 809.13
1644 891.13 793.54
1645 885.18 787.54
1646 880.70 784.18
1647 877.03 779.91
1648 868.27 774.13
1649 858.04 758.15
1650 855.22 747.47
1651 846.15 731.99
1652 833.92 712.45
1653 832.28 699.69
1654 826.35 685.66
1655 807.81 666.00
1656 805.49 606.47
1657 806.68 663.44
1658 806.18 597.31
1659 808.30 660.57
1660 805.09 655.87
1661 805.23 590.26
1662 804.83 650.24
1663 804.30 585.83
1664 803.27 649.47
1665 801.24 582.37
1666 799.54 642.07
1667 799.52 580.33
1668 798.61 643.15
1669 801.14 582.44
1670 799.34 662.43
1671 802.17 582.60
1672 800.97 661.91
1673 804.67 590.75
1674 804.51 622.19
1675 809.08 585.13
1676 806.54 618.56
1677 804.70 659.83
1678 811.52 631.51
1679 813.41 577.76
1680 815.92 618.90
1681 816.91 566.43
1682 820.75 601.84
1683 824.08 596.69
1684 825.25 588.16
1685 827.90 580.75
1686 833.73 576.58
1687 836.34 568.69
1688 838.83 550.02
1689 842.45 548.84
1690 849.02 544.50
1691 853.61 538.00
1692 856.95 534.44
1693 858.22 532.71
1694 858.42 532.60
1695 858.80 532.05
1696 859.17 531.61
1697 858.82 531.40
1698 859.43 531.35
1699 855.33 530.90
1700 855.16 530.43
1701 855.07 529.20
1702 854.91 529.39
1703 852.81 528.18
1704 851.66 527.23
1705 851.24 526.50
1706 851.08 525.98
1707 850.23 525.53
1708 846.79 524.37
1709 843.86 522.89
1710 842.29 520.73
1711 841.03 519.85
1712 838.79 514.75
1713 834.45 513.65
1714 833.32 512.91
1715 833.13 511.96
1716 832.94 512.80
1717 833.78 511.74
1718 833.76 510.13
1719 833.86 509.21
1720 832.56 510.82
1721 832.51 510.97
1722 831.88 510.38
1723 830.99 512.70
1724 831.08 512.57
1725 831.61 514.22
1726 830.84 515.32
1727 830.85 517.16
1728 831.69 519.44
1729 831.71 519.63
1730 831.32 518.93
1731 830.99 515.96
1732 830.76 512.89
1733 831.20 514.65
1734 832.15 517.39
1735 834.76 519.44
1736 838.51 519.76
1737 844.78 519.97
1738 849.07 520.51
1739 849.92 521.28
1740 850.01 521.46
1741 850.36 521.00
1742 849.67 521.28
1743 845.75 520.98
1744 843.28 520.11
1745 844.06 519.35
1746 843.15 518.42
1747 842.84 517.57
1748 844.25 516.86
1749 846.37 514.52
1750 845.46 512.71
1751 844.80 510.87
1752 844.79 510.48
1753 845.00 510.79
1754 844.49 510.99
1755 844.58 510.91
1756 844.33 510.91
1757 844.04 510.46
1758 844.85 510.12
1759 844.24 509.50
1760 842.71 510.14
1761 840.18 509.19
1762 839.58 509.40
1763 840.58 508.98
1764 841.12 509.69
1765 841.36 509.93
1766 841.39 510.06
1767 841.51 509.95
1768 845.02 509.75
1769 845.31 509.95
1770 846.30 509.12
1771 846.27 509.25
1772 847.34 509.79
1773 848.59 511.31
1774 849.79 514.99
1775 851.63 515.87
1776 852.49 516.37
1777 853.12 517.36
1778 853.05 517.67
1779 853.24 517.87
1780 852.95 518.07
1781 852.66 519.03
1782 852.65 518.98
1783 851.12 516.48
1784 846.92 515.84
1785 845.38 514.87
1786 845.84 514.78
1787 846.36 513.90
1788 844.52 513.23
1789 842.97 508.39
1790 843.98 504.18
1791 845.04 505.67
1792 846.15 506.44
1793 847.21 506.16
1794 849.05 506.82
1795 852.00 509.37
1796 852.74 509.90
1797 852.25 509.84
1798 852.69 508.69
1799 852.35 508.66
1800 851.37 509.20
1801 850.01 509.07
1802 848.76 508.59
1803 848.93 508.60
1804 849.09 508.86
1805 849.76 509.52
1806 850.50 510.07
1807 851.05 510.29
1808 851.92 510.72
1809 851.92 511.23
1810 853.58 508.65
1811 852.94 510.05
1812 852.38 508.91
1813 852.12 507.93
1814 851.74 507.29
1815 1765.91 712.66
1816 1768.97 702.13
1817 1770.47 683.15
1818 1768.67 697.30
1819 1766.52 687.91
1820 1766.26 671.22
1821 1765.53 633.81
1822 1766.06 618.12
1823 1772.83 601.69
1824 1773.52 574.60
1825 1773.56 532.73
1826 1775.49 537.12
1827 1779.46 516.22
1828 1779.46 488.22
1829 1776.10 469.58
1830 1780.24 460.85
1831 1782.85 439.91
1832 1780.82 429.74
1833 1780.46 426.97
1834 1778.24 423.53
1835 1776.31 422.63
1836 1775.70 419.23
1837 1778.78 418.67
1838 1778.61 417.15
1839 1778.22 415.29
1840 1778.90 412.77
1841 1779.06 414.06
1842 1779.57 405.04
1843 1781.34 402.58
1844 1783.61 397.75
1845 1785.96 393.13
1846 1786.54 389.86
1847 1786.85 389.95
1848 1787.05 396.07
1849 1781.96 397.89
1850 1778.92 401.52
1851 1774.65 402.94
1852 1771.36 403.82
1853 1766.05 403.80
1854 1758.38 400.69
1855 1747.13 395.03
1856 1735.20 379.39
1857 1721.03 370.54
1858 1705.30 366.49
1859 1678.99 357.48
1860 1662.07 350.66
1861 1633.37 345.67
1862 1617.19 341.96
1863 1585.94 336.46
1864 1575.79 334.02
1865 1549.81 328.02
1866 1534.12 327.52
1867 1523.08 326.59
1868 1517.07 315.11
1869 1504.04 300.62
1870 1488.21 291.63
1871 1476.64 277.65
1872 1457.06 267.26
1873 1450.16 247.76
1874 1443.35 229.70
1875 1435.24 214.97
1876 1428.19 199.20
1877 1396.36 182.73
1878 1392.36 173.60
1879 1391.49 162.16
1880 1386.75 153.42
1881 1381.62 141.90
1882 1381.50 134.44
1883 1385.42 134.55
1884 1389.35 130.27
1885 1394.55 127.01
1886 1397.18 124.82
1887 1398.15 124.54
1888 1399.16 124.37
1889 1399.30 124.13
1890 1399.07 120.24
1891 1397.02 119.21
1892 1395.08 118.37
1893 1394.50 118.82
1894 1393.68 118.68
1895 1394.64 120.99
1896 1394.04 122.76
1897 1390.25 126.32
1898 1387.45 128.71
1899 1384.62 130.54
1900 1381.03 132.95
1901 1375.43 134.12
1902 1367.80 127.83
1903 1349.66 122.24
1904 1336.32 112.28
1905 1325.15 101.71
1906 1304.42 90.36
1907 1279.54 79.44
1908 1261.21 73.27
1909 1241.49 75.03
1910 1222.73 84.18
1911 1207.14 90.72
1912 1198.28 97.66
1913 1183.84 101.80
1914 1169.76 108.08
1915 1152.26 128.66
1916 1124.59 138.68
1917 1096.95 149.42
1918 1062.63 156.56
1919 1048.78 163.34
1920 1038.08 180.56
1921 1034.62 195.68
1922 1034.51 214.60
1923 1022.74 228.88
1924 1013.99 239.77
1925 1001.15 244.53
1926 989.01 244.12
1927 981.33 248.29
1928 979.06 262.65
1929 984.04 272.34
1930 987.08 278.57
1931 987.78 279.08
1932 986.84 278.69
1933 986.94 279.81
1934 986.14 278.00
1935 984.39 275.78
1936 979.41 276.03
1937 975.14 273.22
1938 976.21 273.16
1939 977.43 274.77
1940 977.09 275.31
1941 976.23 276.15
1942 975.38 274.64
1943 976.21 274.21
1944 976.80 273.61
1945 977.18 274.29
1946 975.79 274.97
1947 976.27 275.91
1948 976.66 276.35
1949 979.11 273.98
1950 979.23 273.85
1951 979.36 272.22
1952 979.77 269.92
1953 980.19 265.61
1954 978.50 263.41
1955 975.75 256.17
1956 967.87 251.29
1957 961.90 248.49
1958 952.41 252.15
1959 941.83 257.29
1960 936.04 265.97
1961 928.03 272.60
1962 917.35 280.10
1963 906.09 284.28
1964 898.80 283.84
1965 892.76 284.10
1966 885.94 274.50
1967 881.17 264.98
1968 873.65 261.78
1969 867.41 260.27
1970 861.80 257.66
1971 857.84 254.82
1972 853.53 254.86
1973 851.44 252.87
1974 842.18 251.97
1975 834.00 252.97
1976 829.65 254.01
1977 824.76 253.40
1978 825.95 248.12
1979 823.73 246.71
1980 820.90 238.86
1981 818.33 237.65
1982 817.59 238.40
1983 815.65 237.33
1984 816.22 240.63
1985 816.08 239.90
1986 810.30 237.99
1987 803.91 237.14
1988 795.22 234.15
1989 795.57 232.12
1990 791.72 223.10
1991 788.30 221.17
1992 785.41 215.95
1993 778.66 207.47
1994 772.41 202.33
1995 767.51 195.81
1996 769.56 197.98
1997 772.99 201.44
1998 776.20 205.56
1999 781.52 208.23
2000 781.75 209.47
2001 782.10 210.10
2002 781.95 210.84
2003 779.26 211.48
2004 775.80 210.59
2005 759.31 199.35
2006 755.05 194.36
2007 754.36 194.68
2008 754.24 194.94
2009 753.30 194.80
2010 752.15 196.14
2011 749.90 195.98
2012 746.12 195.21
2013 747.25 195.22
2014 748.08 196.03
2015 750.09 195.69
2016 755.67 199.35
2017 759.34 204.20
2018 766.50 197.50
2019 759.81 195.19
2020 760.52 189.61
2021 776.36 183.14
2022 778.56 186.14
2023 777.66 189.77
2024 780.76 191.25
2025 781.41 192.14
2026 780.84 190.19
2027 778.96 180.50
2028 778.93 177.36
2029 774.92 168.74
2030 747.06 156.35
2031 786.00 161.45
2032 777.64 189.11
2033 722.27 132.10
2034 754.68 132.37
2035 727.88 152.47
2036 717.04 135.64
2037 728.67 153.84
2038 759.29 161.24
2039 739.11 162.47
2040 775.20 184.47
2041 772.92 186.25
2042 719.59 188.54
2043 708.06 186.83
2044 703.83 187.49
2045 709.25 189.06
2046 716.96 190.94
2047 718.12 194.52
2048 710.02 194.30
2049 754.08 189.81
2050 752.31 188.98
2051 750.67 187.77
2052 750.55 184.56
2053 749.95 183.92
2054 749.35 183.90
2055 660.25 186.72
2056 749.16 184.70
2057 659.91 187.94
2058 748.51 184.95
2059 660.00 188.37
2060 748.49 184.78
2061 659.48 187.87
2062 749.03 185.18
2063 749.96 185.11
2064 752.79 181.32
2065 751.10 185.84
2066 755.83 194.94
2067 756.93 199.64
2068 747.85 205.05
2069 688.26 206.24
2070 670.95 216.40
2071 723.57 213.54
2072 664.71 229.02
2073 661.10 238.63
2074 661.86 243.22
2075 663.41 251.61
2076 660.14 262.81
2077 654.69 279.51
2078 655.81 285.35
2079 652.21 311.25
2080 648.92 331.17
2081 649.71 341.84
2082 645.60 360.08
2083 642.11 371.65
2084 634.04 394.02
2085 631.75 411.24
2086 626.34 461.81
2087 628.92 429.27
2088 613.55 450.51
2089 610.23 464.11
2090 595.64 474.45
2091 591.37 487.55
2092 583.71 496.34
2093 574.56 503.71
2094 564.83 506.83
2095 557.84 515.44
2096 554.28 531.25
2097 547.94 557.65
2098 554.75 543.31
2099 544.97 531.69
2100 532.50 524.29
2101 508.46 527.60
2102 518.72 523.52
2103 489.62 511.62
2104 510.31 489.26
2105 502.07 486.23
2106 476.40 483.11
2107 486.24 492.05
2108 484.03 488.91
2109 475.72 481.23
2110 466.97 470.79
2111 459.01 461.26
2112 455.02 453.02
2113 456.27 438.88
2114 439.61 422.88
2115 425.43 405.07
2116 412.30 391.47
2117 406.79 378.40
2118 405.19 362.09
2119 411.74 346.03
2120 416.75 328.22
2121 420.75 299.83
2122 424.82 291.22
2123 413.36 283.39
2124 415.05 273.27
2125 424.18 262.29
2126 427.86 265.41
2127 425.79 263.41
2128 422.16 263.82
2129 420.00 258.93
2130 424.04 257.45
2131 427.58 247.93
2132 424.17 230.87
2133 429.05 215.98
2134 429.23 196.69
2135 429.53 183.47
2136 430.06 174.03
2137 427.53 168.26
2138 427.36 160.20
2139 424.79 156.76
2140 416.69 151.31
2141 415.17 146.76
2142 417.15 146.79
2143 418.85 147.38
2144 420.44 144.18
2145 425.72 137.79
2146 429.57 137.29
2147 434.26 132.90
2148 440.85 133.02
2149 445.82 124.20
2150 456.61 120.86
2151 464.38 105.13
2152 468.45 94.67
2153 471.15 96.39
2154 470.44 104.80
2155 471.02 109.43
2156 469.88 117.67
2157 474.13 122.43
2158 473.39 129.04
2159 468.98 131.58
2160 471.14 139.22
2161 463.30 148.32
2162 451.35 161.95
2163 427.69 293.55
2164 440.54 174.56
2165 423.62 296.21
2166 451.34 183.08
2167 438.18 229.05
2168 422.53 301.63
2169 444.32 180.11
2170 435.40 240.40
2171 423.22 303.25
2172 444.85 180.43
2173 433.46 244.99
2174 421.98 303.02
2175 448.98 187.55
2176 442.85 199.76
2177 439.83 218.97
2178 432.40 239.32
2179 425.03 253.05
2180 416.60 266.91
2181 407.42 285.80
2182 402.96 290.11
2183 400.05 297.58
2184 390.06 302.22
2185 386.70 309.15
2186 381.30 320.85
2187 382.36 327.99
2188 373.38 334.22
2189 368.45 340.58
2190 362.33 347.50
2191 351.82 353.19
2192 329.21 360.10
2193 318.28 369.94
2194 313.17 373.48
2195 304.26 382.45
2196 303.50 408.57
2197 297.36 395.03
2198 298.17 380.90
2199 296.83 362.49
2200 293.65 354.24
2201 282.03 342.43
2202 274.51 333.75
2203 258.05 327.66
2204 244.85 317.00
2205 237.37 308.74
2206 236.05 306.79
2207 234.26 303.48
2208 232.88 301.71
2209 228.78 299.11
2210 229.95 297.91
2211 232.35 293.12
2212 233.24 292.76
2213 231.25 291.36
2214 216.96 246.54
2215 219.11 287.20
2216 216.30 242.73
2217 216.43 286.37
2218 217.45 243.68
2219 217.23 287.32
2220 216.84 243.04
2221 217.62 286.95
2222 216.66 243.23
2223 216.93 286.55
2224 216.28 242.50
2225 216.78 287.05
2226 217.17 243.98
2227 216.92 287.55
2228 216.83 243.72
2229 216.58 287.14
2230 217.26 244.50
2231 217.06 287.71
2232 217.64 247.28
2233 217.43 290.51
2234 217.82 246.83
2235 217.81 289.97
2236 217.47 245.13
2237 217.46 288.65
2238 216.95 244.53
2239 216.49 287.29
2240 217.29 253.96
2241 217.12 294.62
2242 211.42 261.56
2243 214.71 300.91
2244 223.29 306.99
2245 220.39 307.86
2246 204.37 307.03
2247 204.75 269.19
2248 204.25 309.24
2249 203.77 266.93
2250 209.61 305.61
2251 208.82 305.80
2252 199.47 276.00
2253 199.68 299.94
2254 169.84 265.98
2255 169.99 303.55
2256 164.37 257.35
2257 164.35 303.61
2258 160.13 259.35
2259 158.92 303.32
2260 157.19 258.29
2261 154.38 274.35
2262 148.23 281.41
2263 139.64 291.00
2264 130.04 304.44
2265 124.76 319.32
2266 120.78 330.02
2267 106.42 341.26
2268 115.54 358.99
2269 83.38 359.36
2270 118.84 373.74
2271 80.94 378.08
2272 117.82 388.73
2273 89.03 391.10
2274 88.33 408.44
2275 81.92 424.63
2276 81.60 445.01
2277 83.50 456.35
2278 85.44 471.22
2279 89.57 480.02
2280 83.96 486.88
2281 82.47 502.50
2282 83.66 514.95
2283 84.57 532.47
2284 86.43 597.04
2285 88.67 542.82
2286 88.70 608.08
2287 90.65 558.32
2288 98.65 566.53
2289 103.64 579.81
2290 119.44 585.70
2291 129.51 586.83
2292 130.69 594.30
2293 129.42 596.39
2294 130.99 596.52
2295 131.13 596.32
2296 131.26 596.83
2297 129.49 596.58
2298 130.05 596.21
2299 131.90 598.40
2300 130.82 598.37
2301 116.10 598.53
2302 115.19 604.07
2303 114.81 609.21
2304 118.69 626.59
2305 121.85 640.50
2306 123.90 653.56
2307 124.87 673.98
2308 128.70 682.64
2309 127.63 691.62
2310 130.77 708.12
2311 134.55 725.01
2312 134.11 738.12
2313 133.32 756.74
2314 136.77 773.33
2315 136.67 795.64
2316 144.94 804.20
2317 140.20 837.66
2318 135.30 871.57
2319 132.91 842.99
2320 131.78 848.68
2321 132.24 856.52
2322 132.93 858.40
2323 133.17 862.34
2324 132.90 873.95
2325 128.87 883.38
2326 123.96 900.49
2327 120.32 899.56
2328 158.65 910.45
2329 135.03 912.38
2330 173.95 915.64
2331 137.17 918.66
2332 185.68 917.69
2333 192.57 931.24
2334 191.68 947.83
2335 195.49 953.77
2336 198.88 977.32
2337 204.05 979.52
2338 223.75 993.91
2339 271.79 997.66
2340 241.17 988.39
2341 233.47 968.11
2342 300.72 1000.85
2343 258.76 975.77
2344 273.41 1003.50
2345 313.86 1006.15
2346 289.16 1003.54
2347 304.92 1002.86
2348 318.49 1006.37
2349 335.15 1008.59
2350 350.82 1008.14
2351 363.49 1011.96
2352 392.07 1015.67
2353 403.65 1012.25
2354 426.34 1014.43
2355 438.85 1014.04
2356 450.13 1018.51
2357 460.87 1017.21
2358 472.70 1017.59
2359 481.73 1012.06
2360 486.22 1003.95
2361 495.66 998.15
2362 508.24 990.21
2363 519.13 982.24
2364 536.45 977.92
2365 544.12 969.26
2366 565.61 961.50
2367 574.90 958.06
2368 582.17 954.50
2369 589.60 950.64
2370 594.40 945.45
2371 599.04 942.28
2372 607.50 935.94
2373 617.76 929.92
2374 631.77 926.00
2375 641.52 921.07
2376 649.95 920.73
2377 667.81 915.13
2378 674.01 914.30
2379 675.91 905.42
2380 684.97 902.62
2381 696.24 911.53
2382 706.16 919.07
2383 715.97 921.08
2384 731.80 925.11
2385 742.00 929.58
2386 756.94 933.91
2387 766.53 933.35
2388 775.16 934.82
2389 793.91 938.61
2390 802.99 947.67
2391 811.03 957.85
2392 814.92 964.33
2393 835.66 972.39
2394 842.17 980.25
2395 841.60 976.50
2396 848.26 976.11
2397 857.23 982.57
2398 871.03 985.69
2399 895.52 993.39
2400 914.39 993.99
2401 933.77 1001.83
2402 942.00 1002.95
2403 951.68 1003.09
2404 971.18 1007.38
2405 985.37 1005.49
2406 989.52 1002.97
2407 993.45 997.21
2408 996.92 987.91
2409 1005.28 977.58
2410 1008.99 972.08
2411 1015.32 971.57
2412 1023.61 970.94
2413 1022.72 972.17
2414 1019.28 972.63
2415 1016.88 971.04
2416 1019.03 970.31
2417 1021.67 970.18
2418 1025.47 966.47
2419 1030.36 964.38
2420 1035.44 963.99
2421 1042.44 964.04
2422 1049.51 960.22
2423 1063.39 956.37
2424 1064.10 949.54
2425 1056.41 944.93
2426 1049.91 937.06
2427 1039.52 931.62
2428 1038.38 934.20
2429 1035.22 926.98
2430 1025.34 921.09
2431 1013.63 908.46
2432 1007.94 897.59
2433 1002.90 884.43
2434 998.63 872.26
2435 991.82 860.10
2436 984.70 852.23
2437 977.62 842.25
2438 968.80 831.12
2439 964.93 821.38
2440 960.89 818.45
2441 955.37 810.94
2442 941.29 801.18
2443 926.81 800.19
2444 915.14 786.90
2445 905.34 775.42
2446 878.84 756.26
2447 867.56 743.14
2448 864.85 747.97
2449 856.03 733.51
2450 856.09 719.55
2451 852.60 704.51
2452 843.14 695.57
2453 834.74 683.10
2454 825.92 666.21
2455 816.64 651.17
2456 816.97 591.18
2457 817.67 644.24
2458 821.25 630.09
2459 830.55 563.64
2460 834.36 555.44
2461 831.19 614.12
2462 846.88 543.65
2463 851.58 545.56
2464 849.17 587.82
2465 842.28 595.08
2466 846.19 588.21
2467 851.06 581.21
2468 852.95 571.46
2469 849.81 572.64
2470 847.87 570.64
2471 848.25 569.34
2472 846.80 567.06
2473 845.89 562.85
2474 844.96 559.20
2475 843.40 551.60
2476 840.17 548.02
2477 839.38 547.78
2478 840.23 546.93
2479 840.63 546.14
2480 842.40 543.55
2481 844.28 544.18
2482 845.37 543.92
2483 847.26 543.46
2484 847.81 542.51
2485 849.79 542.25
2486 850.35 542.61
2487 853.55 542.23
2488 854.78 542.45
2489 855.52 542.33
2490 854.85 541.01
2491 853.99 540.64
2492 855.31 540.83
2493 854.38 540.07
2494 853.53 539.92
2495 851.74 539.78
2496 849.67 540.09
2497 848.87 539.73
2498 847.33 539.89
2499 846.40 539.87
2500 845.97 540.27
2501 844.29 540.17
2502 841.83 538.98
2503 841.89 538.50
2504 841.94 538.76
2505 840.82 538.54
2506 841.65 539.04
2507 842.86 539.15
2508 841.21 538.83
2509 841.44 538.67
2510 840.34 538.45
2511 840.06 538.52
2512 831.50 539.00
2513 831.25 539.68
2514 831.04 540.23
2515 832.09 541.77
2516 832.86 542.53
2517 834.79 542.43
2518 834.85 542.64
2519 835.29 542.67
2520 835.14 542.88
2521 835.11 542.18
2522 835.64 542.23
2523 835.64 541.98
2524 834.66 541.34
2525 833.87 541.45
2526 834.60 541.59
2527 834.56 542.02
2528 835.55 542.52
2529 835.38 543.00
2530 834.40 542.86
2531 834.33 542.73
2532 834.39 540.51
2533 834.23 540.72
2534 833.93 541.11
2535 835.16 541.56
2536 835.60 543.33
2537 835.36 542.26
2538 835.39 542.32
2539 834.67 542.30
2540 834.36 541.80
2541 834.11 541.07
2542 834.25 540.00
2543 833.78 539.95
2544 834.03 540.18
2545 835.42 539.81
2546 835.62 539.75
2547 835.90 539.62
2548 835.64 539.70
2549 835.44 540.08
2550 836.02 540.08
2551 837.45 540.04
2552 838.12 540.00
2553 837.12 539.74
2554 836.23 539.35
2555 834.91 539.49
2556 834.26 538.82
2557 836.04 537.29
2558 835.08 537.99
2559 836.43 537.68
2560 838.25 537.78
2561 838.86 537.71
2562 839.16 537.70
2563 839.97 537.53
2564 840.89 537.95
2565 842.16 538.66
2566 842.46 538.84
2567 844.67 539.17
2568 843.59 539.54
2569 844.36 539.51
2570 844.16 539.90
2571 844.29 540.39
2572 844.58 540.29
2573 845.32 540.24
2574 844.31 540.13
2575 844.78 540.27
2576 848.27 541.55
2577 849.29 542.27
2578 849.08 542.48
2579 854.17 541.87
2580 856.93 540.96
2581 859.18 541.06
2582 865.22 540.93
2583 875.02 543.61
2584 879.50 551.18
2585 880.31 558.69
2586 880.05 560.57
2587 882.48 559.93
2588 886.98 560.48
2589 897.43 568.69
2590 898.33 569.18
2591 895.72 564.53
2592 895.80 566.40
2593 893.44 568.09
2594 886.16 572.00
2595 885.83 572.94
2596 885.22 577.38
2597 884.83 573.70
2598 882.93 577.82
2599 882.57 581.06
2600 882.48 579.79
2601 885.07 577.62
2602 884.16 577.28
2603 884.80 577.71
2604 883.57 576.32
2605 883.06 577.75
2606 880.41 581.28
2607 882.34 579.27
2608 882.04 580.14
2609 882.45 580.63
2610 882.51 581.05
2611 885.53 580.54
2612 884.14 581.48
2613 885.23 580.12
2614 886.07 580.85
2615 884.49 582.42
2616 883.36 581.18
2617 882.12 581.85
2618 884.26 582.01
2619 886.11 579.28
2620 885.74 580.47
2621 885.47 576.09
2622 912.44 571.76
2623 917.24 579.96
2624 913.43 583.57
2625 914.22 592.27
2626 912.74 584.56
2627 916.86 593.80
2628 912.87 597.10
2629 910.52 592.47
2630 909.20 590.99
2631 909.81 585.37
2632 909.97 573.06
2633 877.57 574.96
2634 908.07 571.44
2635 872.11 573.00
2636 872.33 571.53
2637 876.08 571.53
2638 872.32 566.01
2639 905.25 558.98
2640 873.21 563.13
2641 903.94 552.57
2642 908.39 551.47
2643 911.92 549.01
2644 908.80 551.47
2645 914.49 554.51
2646 922.29 556.09
2647 926.08 549.27
2648 927.15 545.85
2649 928.75 542.87
2650 927.24 538.94
2651 927.37 538.01
2652 927.30 537.09
2653 926.00 538.74
2654 923.20 536.21
2655 927.11 537.17
2656 929.31 538.42
2657 931.08 540.62
2658 933.24 545.12
2659 944.32 544.62
2660 947.35 542.41
2661 947.87 547.77
2662 947.64 555.33
2663 922.45 569.23
2664 901.87 564.64
2665 928.12 580.55
2666 1792.02 284.34
2667 1790.15 320.20
2668 1789.09 388.94
2669 1792.88 294.42
2670 1791.37 349.90
2671 1789.54 384.62
2672 1792.49 298.48
2673 1790.00 386.17
2674 1751.14 361.81
2675 1791.76 294.17
2676 1789.76 386.04
2677 1751.72 353.85
2678 1791.17 295.38
2679 1790.30 358.53
2680 1789.39 387.97
2681 1791.86 282.07
2682 1792.93 281.27
2683 1793.11 280.43
2684 1792.49 275.96
2685 1789.86 288.09
2686 1740.14 334.76
2687 1745.13 292.51
2688 1787.43 278.00
2689 1747.69 282.52
2690 1781.04 279.78
2691 1771.80 350.51
2692 1773.33 276.10
2693 1738.40 362.64
2694 1764.25 361.97
2695 1764.98 319.40
2696 1756.84 317.86
2697 1755.58 363.93
2698 1753.38 308.22
2699 1748.79 314.00
2700 1745.30 318.52
2701 1739.46 325.38
2702 1723.44 331.18
2703 1711.16 338.70
2704 1697.38 346.59
2705 1674.69 354.36
2706 1651.72 350.51
2707 1630.37 354.80
2708 1626.52 353.45
2709 1627.09 348.63
2710 1617.28 343.50
2711 1602.63 340.85
2712 1587.91 337.44
2713 1572.97 330.09
